(7.0, 13.0) -> (8.0, 13.0) : (0.0, -1.0, -13.0)
(8.0, 13.0) -> (10.0, 16.0) : (3.0, -2.0, -2.0)
(10.0, 16.0) -> (10.0, 15.0) : (-1.0, 0.0, -10.0)
(10.0, 15.0) -> (11.0, 14.0) : (-1.0, -1.0, -25.0)
(11.0, 14.0) -> (14.0, 13.0) : (-1.0, -3.0, -53.0)
(14.0, 13.0) -> (13.0, 11.0) : (-2.0, 1.0, -15.0)
(13.0, 11.0) -> (11.0, 10.0) : (-1.0, 2.0, 9.0)
(11.0, 10.0) -> (15.0, 9.0) : (-1.0, -4.0, -51.0)
(15.0, 9.0) -> (14.0, 7.0) : (-2.0, 1.0, -21.0)
(14.0, 7.0) -> (12.0, 7.0) : (0.0, 2.0, 14.0)
(12.0, 7.0) -> (12.0, 6.0) : (-1.0, 0.0, -12.0)
(12.0, 6.0) -> (10.0, 5.0) : (-1.0, 2.0, 0.0)
(10.0, 5.0) -> (10.0, 3.0) : (-2.0, 0.0, -20.0)
(10.0, 3.0) -> (5.0, 1.0) : (-2.0, 5.0, -5.0)
(5.0, 1.0) -> (1.0, 1.0) : (0.0, 4.0, 4.0)
(1.0, 1.0) -> (2.0, 6.0) : (5.0, -1.0, 4.0)
(2.0, 6.0) -> (4.0, 7.0) : (1.0, -2.0, -10.0)
(4.0, 7.0) -> (5.0, 9.0) : (2.0, -1.0, 1.0)
(5.0, 9.0) -> (0.0, 14.0) : (5.0, 5.0, 70.0)
(0.0, 14.0) -> (7.0, 13.0) : (-1.0, -7.0, -98.0)
